image_width: 640
image_height: 480
camera_name: usb_cam
camera_matrix:
  rows: 3
  cols: 3
  data: [434.124234, 0.000000, 303.850129, 0.000000, 437.428514, 231.778489, 0.000000, 0.000000, 1.000000]
distortion_model: plumb_bob
distortion_coefficients:
  rows: 1
  cols: 5
  data: [-0.515303, 0.202726, 0.001709, 0.026258, 0.000000]
rectification_matrix:
  rows: 3
  cols: 3
  data: [1.000000, 0.000000, 0.000000, 0.000000, 1.000000, 0.000000, 0.000000, 0.000000, 1.000000]
projection_matrix:
  rows: 3
  cols: 4
  data: [310.013245, 0.000000, 330.198751, 0.000000, 0.000000, 352.862457, 228.569314, 0.000000, 0.000000, 0.000000, 1.000000, 0.000000]
